=~=~=~=~=~=~=~=~=~=~=~= PuTTY log 2021.06.02 11:15:37 =~=~=~=~=~=~=~=~=~=~=~=
[INFO: Main      ] Starting Contiki-NG-70237d3-dirty
[INFO: Main      ] - Routing: nullrouting
[INFO: Main      ] - Net: nullnet
[INFO: Main      ] - MAC: CSMA
[INFO: Main      ] - 802.15.4 PANID: 0xabcd
[INFO: Main      ] - 802.15.4 Default channel: 17
[INFO: Main      ] Node ID: 40267
[INFO: Main      ] Link-layer address: 0012.4b00.18e6.9d4b
[INFO: Zoul      ] Zolertia Firefly platform
de23,1,1282,602,309808,2307,123791875,123201314,202513,202513
de23,2,1283,603,112116,826,124003329,123791901,414191,414190
de23,3,1284,604,32848,242,124065537,124003356,476399,476398
9dc8,4,2,466,612300,3187,124345168,123529324,478399,478398
de23,5,1285,605,99308,732,124252927,124065563,664815,664814
de23,6,1286,606,2716,20,124258047,124252954,670190,670189
9dc8,7,3,467,143800,753,124537936,124345195,672184,672183
9dc8,8,4,468,4968,26,124544592,124537962,678583,678583
de23,9,1287,607,205136,1512,124645116,124258074,1056238,1056237
9dc8,10,5,469,287864,1506,124930128,124544618,1064119,1064119
de23,11,1288,608,25532,188,124693244,124645142,1105389,1105389
de23,12,1289,609,408,3,124694012,124693270,1106413,1106412
9dc8,13,6,470,35880,188,124978255,124930154,1110994,1110994
9dc8,14,7,471,5152,27,124985167,124978282,1119414,1119414
de23,15,1290,610,312192,2301,125283063,124694038,1693932,1693931
9dc8,16,8,472,431292,2258,125563215,124985194,1696182,1696181
de23,17,1291,611,7480,55,125297143,125283089,1708012,1708011
9dc8,18,9,473,10152,53,125576783,125563241,1709750,1709749
de23,19,1292,612,47516,350,125386742,125297169,1798379,1798379
9dc8,20,10,474,66792,350,125666383,125576809,1799350,1799349
de23,21,1293,613,52840,389,125486325,125386768,1898475,1898475
9dc8,22,11,475,76928,403,125769550,125666409,1902773,1902773
de23,23,1294,614,39272,289,125560309,125486352,1971691,1971690
9dc8,24,12,476,56564,296,125845326,125769577,1979317,1979317
de23,25,1295,615,19976,147,125597940,125560335,2009067,2009066
9dc8,26,13,477,25548,134,125879630,125845353,2013877,2013877
de23,27,1296,616,59356,437,125709811,125597967,2120938,2120938
9dc8,28,14,478,82204,430,125989710,125879657,2123701,2123700
de23,29,1297,617,109768,808,125916658,125709838,2328554,2328553
9dc8,30,15,479,154292,807,126196302,125989737,2329039,2329039
de23,31,1298,618,7204,53,125930226,125916684,2341610,2341609
9dc8,32,16,480,10120,53,126209870,126196328,2344116,2344116
de23,33,1299,619,152540,1123,126217711,125930252,2629097,2629096
9dc8,34,17,481,215596,1129,126498894,126209896,2632628,2632627
de23,35,1300,620,77508,571,126363886,126217738,2774532,2774531
9dc8,36,18,482,107940,565,126643533,126498920,2776499,2776499
de23,37,1301,621,83976,618,126522093,126363912,2932739,2932739
9dc8,38,19,483,118028,618,126801741,126643560,2935219,2935219
de23,39,1302,622,109492,806,126728427,126522119,3139816,3139815
9dc8,40,20,484,154136,807,127008333,126801767,3141811,3141810
de23,41,1303,623,87748,646,126893802,126728453,3305959,3305959
9dc8,42,21,485,123308,645,127173453,127008359,3307186,3307186
de23,43,1304,624,2452,18,126898410,126893828,3309799,3309799
9dc8,44,22,486,5152,27,127180365,127173479,3313586,3313586
de23,45,1305,625,23136,170,126941929,126898436,3353831,3353830
9dc8,46,23,487,30760,161,127221581,127180391,3355314,3355314
de23,47,1306,626,65620,484,127065832,126941956,3476711,3476710
9dc8,48,24,488,92572,484,127345484,127221607,3479730,3479730
de23,49,1307,627,126664,933,127304678,127065859,3715329,3715328
9dc8,50,25,489,179436,940,127586124,127345511,3720370,3720369
de23,51,1308,628,63012,464,127423461,127304705,3834342,3834341
9dc8,52,26,490,87280,457,127703116,127586150,3836593,3836593
de23,53,1309,629,3668,27,127430373,127423488,3841510,3841509
9dc8,54,27,491,5176,27,127710028,127703142,3844017,3844017
de23,55,1310,630,193324,1425,127795170,127430400,4206565,4206564
9dc8,56,28,492,272024,1425,128074827,127710054,4208049,4208048
de23,57,1311,631,36116,266,127863266,127795197,4273919,4273919
9dc8,58,29,493,51352,269,128143691,128074854,4276428,4276427
de23,59,1312,632,36796,271,127932641,127863292,4344292,4344292
de23,60,1313,633,72964,538,128070368,127932667,4481507,4481507
9dc8,61,30,494,153904,806,128350027,128143718,4483504,4483503
de23,62,1314,634,142128,1048,128338654,128070394,4749539,4749538
9dc8,63,31,495,200292,1048,128618315,128350053,4751535,4751535
de23,64,1315,635,69336,511,128469469,128338680,4881635,4881634
9dc8,65,32,496,97560,511,128749131,128618341,4883375,4883375
de23,66,1316,636,134952,995,128724187,128469495,5135330,5135329
9dc8,67,33,497,189824,995,129003850,128749157,5137839,5137838
de23,68,1317,637,11812,87,128746459,128724213,5157117,5157116
9dc8,69,34,498,20412,107,129031242,129003877,5164719,5164718
de23,70,1318,638,129568,955,128990937,128746485,5402081,5402081
9dc8,71,35,499,179636,941,129272138,129031269,5406382,5406382
de23,72,1319,639,62812,463,129109464,128990963,5520124,5520123
9dc8,73,36,500,87192,457,129389130,129272164,5523374,5523373
de23,74,1320,640,110296,813,129317590,129109490,5729248,5729248
9dc8,75,37,501,159280,833,129602378,129389156,5735113,5735112
de23,76,1321,641,97524,719,129501652,129317616,5912315,5912314
9dc8,77,38,502,133548,699,129781321,129602404,5915309,5915309
de23,78,1322,642,98456,726,129687507,129501679,6098655,6098655
9dc8,79,39,503,138632,726,129967177,129781348,6101421,6101420
de23,80,1323,643,143240,1055,129957585,129687533,6369502,6369502
9dc8,81,40,504,205412,1075,130242377,129967203,6375596,6375596
de23,82,1324,644,75700,558,130100431,129957611,6511326,6511326
9dc8,83,41,505,102736,538,130380105,130242403,6513068,6513067
de23,84,1325,645,30020,221,130157007,130100458,6568926,6568925
9dc8,85,42,506,46144,242,130442056,130380131,6575788,6575787
de23,86,1326,646,64860,478,130279374,130157033,6690270,6690269
de23,87,1327,647,40996,302,130356685,130279400,6768605,6768604
9dc8,88,43,507,148832,779,130641480,130442083,6775212,6775211
de23,89,1328,648,138404,1021,130618059,130356712,7029469,7029468
9dc8,90,44,508,195176,1022,130903112,130641507,7035846,7035846
de23,91,1329,649,90304,666,130788554,130618085,7200220,7200220
9dc8,92,45,509,123208,645,131068232,130903138,7202469,7202468
de23,93,1330,650,75556,557,130931145,130788580,7343324,7343323
9dc8,94,46,510,107652,564,131212615,131068258,7345834,7345834
de23,95,1331,651,22944,169,130974408,130931171,7386588,7386587
9dc8,96,47,511,30912,162,131254087,131212642,7387050,7387050
de23,97,1332,652,54716,403,131077575,130974434,7489243,7489243
9dc8,98,48,512,77088,403,131357255,131254114,7491498,7491498
de23,99,1333,653,18204,134,131111879,131077602,7523291,7523291
9dc8,100,49,513,25628,134,131391559,131357282,7524778,7524777
de23,101,1334,654,3680,27,131118791,131111905,7529691,7529691
9dc8,102,50,514,5156,27,131398471,131391586,7532714,7532713
de23,103,1335,655,13588,100,131144391,131118817,7556315,7556315
9dc8,104,51,515,20664,108,131426119,131398498,7559082,7559081
de23,105,1336,656,41252,304,131222214,131144417,7633883,7633882
9dc8,106,52,516,56320,295,131501639,131426146,7635626,7635625
de23,107,1337,657,205012,1511,131609027,131222240,8020954,8020953
9dc8,108,53,517,292764,1532,131893831,131501665,8028073,8028072
de23,109,1338,658,22924,169,131652291,131609053,8064218,8064217
9dc8,110,54,518,30956,162,131935303,131893857,8068777,8068776
de23,111,1339,659,78404,577,131800001,131652317,8211417,8211417
9dc8,112,55,519,107776,564,132079686,131935329,8213417,8213416
de23,113,1340,660,201632,1485,132180158,131800028,8591576,8591576
9dc8,114,56,520,287540,1506,132465222,132079713,8598952,8598951
de23,115,1341,661,141544,1042,132446908,132180185,8858839,8858839
9dc8,116,57,521,194944,1021,132726598,132465248,8860583,8860583
de23,117,1342,662,18184,134,132481212,132446934,8892887,8892887
9dc8,118,58,522,25612,134,132760901,132726624,8893634,8893634
de23,119,1343,663,29072,214,132535995,132481238,8947415,8947415
9dc8,120,59,523,41124,215,132815941,132760928,8949159,8949159
de23,121,1344,664,32316,238,132596923,132536022,9007602,9007601
9dc8,122,60,524,46236,242,132877893,132815968,9011367,9011366
de23,123,1345,665,102392,754,132789945,132596949,9201366,9201366
9dc8,124,61,525,143880,753,133070661,132877920,9204647,9204646
de23,125,1346,666,33424,246,132852921,132789971,9264598,9264598
9dc8,126,62,526,46212,242,133132613,133070687,9265574,9265574
